# gcn-recomp input log v2
# game GM8E01  started 2026-10-08T08:52:52
# epoch 1791463972
# poll frame chan connected buttons stick_x stick_y cstick_x cstick_y trig_l trig_r
# (hex; each line is that channel's state from that pad poll on)
0 0 0 1 0000 80 80 80 80 00 00
1 0 1 0 0000 80 80 80 80 00 00
2 0 2 0 0000 80 80 80 80 00 00
3 0 3 0 0000 80 80 80 80 00 00
12086 1300 0 1 1000 80 80 80 80 00 00
12195 1310 0 1 0000 80 80 80 80 00 00
16240 1700 0 1 0100 80 80 80 80 00 00
16343 1710 0 1 0000 80 80 80 80 00 00
20179 2100 0 1 0100 80 80 80 80 00 00
20270 2110 0 1 0000 80 80 80 80 00 00
23908 2500 0 1 0100 80 80 80 80 00 00
23998 2510 0 1 0000 80 80 80 80 00 00
